#FIG 3.2
Landscape
Center
Inches
Letter  
100.00
Single
-2
1200 2
6 4950 3675 5550 4125
6 4950 3675 5550 4125
2 2 0 1 0 7 50 0 -1 0.000 0 0 -1 0 0 5
	 5010 3720 5535 3720 5535 4095 5010 4095 5010 3720
-6
4 0 0 50 0 0 12 0.0000 4 135 135 5190 3990 N\001
-6
6 2790 3735 3390 4110
6 2790 3735 3390 4110
2 2 0 1 0 7 50 0 -1 0.000 0 0 -1 0 0 5
	 2850 3735 3375 3735 3375 4110 2850 4110 2850 3735
-6
4 0 0 50 0 0 12 0.0000 4 135 135 3030 4005 U\001
-6
6 1215 2400 1815 2850
6 1215 2400 1815 2850
2 2 0 1 0 7 50 0 -1 0.000 0 0 -1 0 0 5
	 1275 2460 1800 2460 1800 2835 1275 2835 1275 2460
-6
4 0 0 50 0 0 12 0.0000 4 135 120 1455 2730 R\001
-6
6 1215 2865 1815 3315
6 1215 2865 1815 3315
2 2 0 1 0 7 50 0 -1 0.000 0 0 -1 0 0 5
	 1275 2910 1800 2910 1800 3285 1275 3285 1275 2910
-6
4 0 0 50 0 0 12 0.0000 4 135 105 1455 3180 S\001
-6
6 1230 3330 1830 3780
6 1230 3330 1830 3780
2 2 0 1 0 7 50 0 -1 0.000 0 0 -1 0 0 5
	 1260 3375 1785 3375 1785 3750 1260 3750 1260 3375
-6
4 0 0 50 0 0 12 0.0000 4 135 135 1440 3645 A\001
-6
6 1215 3810 1815 4260
6 1215 3810 1815 4260
2 2 0 1 0 7 50 0 -1 0.000 0 0 -1 0 0 5
	 1275 3855 1800 3855 1800 4230 1275 4230 1275 3855
-6
4 0 0 50 0 0 12 0.0000 4 135 105 1455 4125 L\001
-6
6 1215 1935 1815 2385
6 1215 1935 1815 2385
2 2 0 1 0 7 50 0 -1 0.000 0 0 -1 0 0 5
	 1275 1950 1800 1950 1800 2325 1275 2325 1275 1950
-6
4 0 0 50 0 0 12 0.0000 4 135 60 1455 2220 I\001
-6
6 1230 1440 1830 1890
6 1230 1440 1830 1890
2 2 0 1 0 7 50 0 -1 0.000 0 0 -1 0 0 5
	 1290 1470 1815 1470 1815 1845 1290 1845 1290 1470
-6
4 0 0 50 0 0 12 0.0000 4 135 135 1470 1740 V\001
-6
6 3870 3675 4470 4125
6 3870 3675 4470 4125
2 2 0 1 0 7 50 0 -1 0.000 0 0 -1 0 0 5
	 3930 3720 4455 3720 4455 4095 3930 4095 3930 3720
-6
4 0 0 50 0 0 12 0.0000 4 135 120 4110 3990 E\001
-6
2 2 0 1 0 7 50 0 -1 0.000 0 0 -1 0 0 5
	 735 4395 6495 4395 6495 4275 735 4275 735 4395
2 1 0 1 0 7 50 0 -1 0.000 0 0 -1 1 0 2
	0 0 2.00 60.00 120.00
	 2685 1665 2040 1665
2 1 0 1 0 7 50 0 -1 0.000 0 0 -1 1 0 2
	0 0 2.00 60.00 120.00
	 2535 2655 1890 2655
2 1 0 1 0 7 50 0 -1 0.000 0 0 -1 1 0 2
	0 0 2.00 60.00 120.00
	 4549 3185 4159 3620
4 0 0 50 0 0 12 0.0000 4 180 975 1440 4590 Target Stack\001
4 0 0 50 0 0 12 0.0000 4 135 1215 3720 4605 Blocks on Table\001
4 0 0 50 0 0 12 0.0000 4 180 1470 2835 1725 Current Stack (CS)\001
4 0 0 50 0 0 12 0.0000 4 180 1185 2595 2715 Top Block (TB)\001
4 0 0 50 0 0 12 0.0000 4 180 1470 4635 3180 Next Needed (NN)\001
