#FIG 3.2
Landscape
Center
Inches
Letter  
100.00
Single
-2
1200 2
6 1560 3675 2085 4050
6 1560 3675 2085 4050
2 2 0 1 0 7 50 0 -1 0.000 0 0 -1 0 0 5
	 1560 3675 2085 3675 2085 4050 1560 4050 1560 3675
-6
4 0 0 50 0 0 12 0.0000 4 135 135 1740 3945 U\001
-6
6 3060 3720 3585 4095
6 3060 3720 3585 4095
2 2 0 1 0 7 50 0 -1 0.000 0 0 -1 0 0 5
	 3060 3720 3585 3720 3585 4095 3060 4095 3060 3720
-6
4 0 0 50 0 0 12 0.0000 4 135 105 3240 3990 S\001
-6
6 4380 3720 4905 4095
6 4380 3720 4905 4095
2 2 0 1 0 7 50 0 -1 0.000 0 0 -1 0 0 5
	 4380 3720 4905 3720 4905 4095 4380 4095 4380 3720
-6
4 0 0 50 0 0 12 0.0000 4 135 135 4560 3990 A\001
-6
6 3735 3720 4260 4095
6 3735 3720 4260 4095
2 2 0 1 0 7 50 0 -1 0.000 0 0 -1 0 0 5
	 3735 3720 4260 3720 4260 4095 3735 4095 3735 3720
-6
4 0 0 50 0 0 12 0.0000 4 135 105 3915 3990 L\001
-6
6 5010 3720 5535 4095
6 5010 3720 5535 4095
2 2 0 1 0 7 50 0 -1 0.000 0 0 -1 0 0 5
	 5010 3720 5535 3720 5535 4095 5010 4095 5010 3720
-6
4 0 0 50 0 0 12 0.0000 4 135 135 5190 3990 N\001
-6
6 1560 2115 2085 2490
6 1560 2115 2085 2490
2 2 0 1 0 7 50 0 -1 0.000 0 0 -1 0 0 5
	 1560 2115 2085 2115 2085 2490 1560 2490 1560 2115
-6
4 0 0 50 0 0 12 0.0000 4 135 60 1740 2385 I\001
-6
6 1560 2505 2085 2880
6 1560 2505 2085 2880
2 2 0 1 0 7 50 0 -1 0.000 0 0 -1 0 0 5
	 1560 2505 2085 2505 2085 2880 1560 2880 1560 2505
-6
4 0 0 50 0 0 12 0.0000 4 135 135 1740 2775 V\001
-6
6 1560 2895 2085 3270
6 1560 2895 2085 3270
2 2 0 1 0 7 50 0 -1 0.000 0 0 -1 0 0 5
	 1560 2895 2085 2895 2085 3270 1560 3270 1560 2895
-6
4 0 0 50 0 0 12 0.0000 4 135 120 1740 3165 E\001
-6
6 1560 3285 2085 3660
6 1560 3285 2085 3660
2 2 0 1 0 7 50 0 -1 0.000 0 0 -1 0 0 5
	 1560 3285 2085 3285 2085 3660 1560 3660 1560 3285
-6
4 0 0 50 0 0 12 0.0000 4 135 120 1740 3555 R\001
-6
6 6765 585 7290 960
6 6765 585 7290 960
2 2 0 1 0 7 50 0 -1 0.000 0 0 -1 0 0 5
	 6765 585 7290 585 7290 960 6765 960 6765 585
-6
4 0 0 50 0 0 12 0.0000 4 135 135 6945 855 U\001
-6
6 6765 975 7290 1350
6 6765 975 7290 1350
2 2 0 1 0 7 50 0 -1 0.000 0 0 -1 0 0 5
	 6765 975 7290 975 7290 1350 6765 1350 6765 975
-6
4 0 0 50 0 0 12 0.0000 4 135 135 6945 1245 N\001
-6
6 6765 1365 7290 1740
6 6765 1365 7290 1740
2 2 0 1 0 7 50 0 -1 0.000 0 0 -1 0 0 5
	 6765 1365 7290 1365 7290 1740 6765 1740 6765 1365
-6
4 0 0 50 0 0 12 0.0000 4 135 60 6945 1635 I\001
-6
6 6765 1755 7290 2130
6 6765 1755 7290 2130
2 2 0 1 0 7 50 0 -1 0.000 0 0 -1 0 0 5
	 6765 1755 7290 1755 7290 2130 6765 2130 6765 1755
-6
4 0 0 50 0 0 12 0.0000 4 135 135 6945 2025 V\001
-6
6 6765 2145 7290 2520
6 6765 2145 7290 2520
2 2 0 1 0 7 50 0 -1 0.000 0 0 -1 0 0 5
	 6765 2145 7290 2145 7290 2520 6765 2520 6765 2145
-6
4 0 0 50 0 0 12 0.0000 4 135 120 6945 2415 E\001
-6
6 6765 2535 7290 2910
6 6765 2535 7290 2910
2 2 0 1 0 7 50 0 -1 0.000 0 0 -1 0 0 5
	 6765 2535 7290 2535 7290 2910 6765 2910 6765 2535
-6
4 0 0 50 0 0 12 0.0000 4 135 120 6945 2805 R\001
-6
6 6765 2925 7290 3300
6 6765 2925 7290 3300
2 2 0 1 0 7 50 0 -1 0.000 0 0 -1 0 0 5
	 6765 2925 7290 2925 7290 3300 6765 3300 6765 2925
-6
4 0 0 50 0 0 12 0.0000 4 135 105 6945 3195 S\001
-6
6 6765 3315 7290 3690
6 6765 3315 7290 3690
2 2 0 1 0 7 50 0 -1 0.000 0 0 -1 0 0 5
	 6765 3315 7290 3315 7290 3690 6765 3690 6765 3315
-6
4 0 0 50 0 0 12 0.0000 4 135 135 6945 3585 A\001
-6
6 6765 3705 7290 4080
6 6765 3705 7290 4080
2 2 0 1 0 7 50 0 -1 0.000 0 0 -1 0 0 5
	 6765 3705 7290 3705 7290 4080 6765 4080 6765 3705
-6
4 0 0 50 0 0 12 0.0000 4 135 105 6945 3975 L\001
-6
2 2 0 1 0 7 50 0 -1 0.000 0 0 -1 0 0 5
	 780 4230 7785 4230 7785 4125 780 4125 780 4230
4 0 0 50 0 0 12 0.0000 4 135 840 6660 4455 Goal Stack\001
4 0 0 50 0 0 12 0.0000 4 135 1215 3720 4440 Blocks on Table\001
4 0 0 50 0 0 12 0.0000 4 180 975 1320 4440 Target Stack\001
