#FIG 3.2
Landscape
Center
Inches
Letter  
100.00
Single
-2
1200 2
5 1 0 1 0 7 50 0 -1 0.000 0 0 1 0 1770.000 3315.000 1980 1800 3135 2625 3285 3525
	1 1 2.00 60.00 120.00
6 1560 3675 2085 4050
6 1560 3675 2085 4050
2 2 0 1 0 7 50 0 -1 0.000 0 0 -1 0 0 5
	 1560 3675 2085 3675 2085 4050 1560 4050 1560 3675
-6
4 0 0 50 0 0 12 0.0000 4 135 135 1740 3945 U\001
-6
6 3060 3720 3585 4095
6 3060 3720 3585 4095
2 2 0 1 0 7 50 0 -1 0.000 0 0 -1 0 0 5
	 3060 3720 3585 3720 3585 4095 3060 4095 3060 3720
-6
4 0 0 50 0 0 12 0.0000 4 135 105 3240 3990 S\001
-6
6 4380 3720 4905 4095
6 4380 3720 4905 4095
2 2 0 1 0 7 50 0 -1 0.000 0 0 -1 0 0 5
	 4380 3720 4905 3720 4905 4095 4380 4095 4380 3720
-6
4 0 0 50 0 0 12 0.0000 4 135 135 4560 3990 A\001
-6
6 3735 3720 4260 4095
6 3735 3720 4260 4095
2 2 0 1 0 7 50 0 -1 0.000 0 0 -1 0 0 5
	 3735 3720 4260 3720 4260 4095 3735 4095 3735 3720
-6
4 0 0 50 0 0 12 0.0000 4 135 105 3915 3990 L\001
-6
6 5010 3720 5535 4095
6 5010 3720 5535 4095
2 2 0 1 0 7 50 0 -1 0.000 0 0 -1 0 0 5
	 5010 3720 5535 3720 5535 4095 5010 4095 5010 3720
-6
4 0 0 50 0 0 12 0.0000 4 135 135 5190 3990 N\001
-6
6 1560 2115 2085 2490
6 1560 2115 2085 2490
2 2 0 1 0 7 50 0 -1 0.000 0 0 -1 0 0 5
	 1560 2115 2085 2115 2085 2490 1560 2490 1560 2115
-6
4 0 0 50 0 0 12 0.0000 4 135 60 1740 2385 I\001
-6
6 1560 2505 2085 2880
6 1560 2505 2085 2880
2 2 0 1 0 7 50 0 -1 0.000 0 0 -1 0 0 5
	 1560 2505 2085 2505 2085 2880 1560 2880 1560 2505
-6
4 0 0 50 0 0 12 0.0000 4 135 135 1740 2775 V\001
-6
6 1560 2895 2085 3270
6 1560 2895 2085 3270
2 2 0 1 0 7 50 0 -1 0.000 0 0 -1 0 0 5
	 1560 2895 2085 2895 2085 3270 1560 3270 1560 2895
-6
4 0 0 50 0 0 12 0.0000 4 135 120 1740 3165 E\001
-6
6 1560 3285 2085 3660
6 1560 3285 2085 3660
2 2 0 1 0 7 50 0 -1 0.000 0 0 -1 0 0 5
	 1560 3285 2085 3285 2085 3660 1560 3660 1560 3285
-6
4 0 0 50 0 0 12 0.0000 4 135 120 1740 3555 R\001
-6
2 2 0 1 0 7 50 0 -1 0.000 0 0 -1 0 0 5
	 720 4320 6480 4320 6480 4200 720 4200 720 4320
4 0 0 50 0 0 12 0.0000 4 180 975 1440 4590 Target Stack\001
4 0 0 50 0 0 12 0.0000 4 135 1215 3720 4605 Blocks on Table\001
4 0 0 50 0 2 16 0.0000 4 165 1275 3180 1455 Move Table\001
4 0 0 50 0 0 12 0.0000 4 180 3990 3135 1725 (move a block from the  top of the stack to the table)\001
